154 18

0 1 1 6 0
1 2 1 6 1
1 3 1 6 2
1 4 1 10 3
4 5 1 10 3
5 6 1 10 3
6 7 1 10 3
7 8 1 10 3
8 9 1 10 3
9 10 1 10 3
10 11 1 10 3
11 12 1 10 3
12 13 1 10 3
13 14 1 10 3
14 15 1 10 3
15 16 1 10 3
16 17 1 10 4
17 18 1 10 4
18 19 1 10 4
19 20 1 10 4
16 21 1 6 5
21 22 1 6 5
22 23 1 6 5
23 20 1 6 5
20 24 1 10 6
24 25 1 10 6
25 26 1 10 6
26 27 1 10 6
27 28 1 10 6
28 29 1 10 6
29 30 1 10 6
30 31 1 10 6
31 32 1 10 6
32 33 1 10 6
33 34 1 10 6
34 35 1 10 6
35 36 1 10 6
36 37 1 6 7
36 38 1 6 8
38 37 1 6 8
36 39 1 6 9
39 37 1 6 9
37 40 1 10 10
40 41 1 10 10
41 42 1 10 10
42 43 1 10 10
43 44 1 10 10
44 45 1 10 10
45 46 1 10 10
46 47 1 10 10
47 48 1 10 10
48 49 1 10 10
49 50 1 10 10
50 51 1 10 10
51 52 1 10 10
52 53 1 10 11
53 54 1 10 11
54 55 1 10 11
55 56 1 10 11
52 57 1 3 12
57 58 1 3 12
58 59 1 3 12
59 56 1 3 12
56 60 1 10 13
60 61 1 10 13
61 62 1 10 13
62 63 1 10 13
63 64 1 10 13
64 65 1 10 13
65 66 1 10 13
66 67 1 10 13
67 68 1 10 13
68 69 1 10 13
69 70 1 10 13
70 71 1 10 13
71 72 1 10 13
72 73 1 6 14
72 74 1 6 15
74 73 1 6 15
72 75 1 6 16
75 73 1 6 16
73 76 1 10 17
76 77 1 10 17
77 78 1 10 17
78 79 10 17
79 80 1 10 17
80 81 1 10 17
81 82 1 10 17
82 83 1 10 17
83 84 1 10 17
84 85 1 10 17
85 86 1 10 17
86 87 1 10 17
87 88 1 10 17
88 89 1 10 17
89 90 1 10 17
90 91 1 10 17
91 92 1 10 17
92 93 1 10 17
93 94 1 10 17
94 95 1 10 17
95 96 1 10 17
96 97 1 10 17
97 98 1 10 17
98 99 1 10 17
99 100 1 10 17
100 101 1 10 17
101 102 1 10 17
102 103 1 10 17
103 104 1 10 17
104 105 1 10 17
105 106 1 6 18
105 107 1 6 19
105 108 1 6 20
1 109 1 10 21
109 110 1 10 21
110 111 1 10 21
111 112 1 10 21
112 113 1 10 21
113 114 1 10 21
114 115 1 10 21
115 116 1 10 21
116 117 1 10 21
117 118 1 10 21
118 119 1 10 21
119 120 1 10 21
120 121 1 10 21
121 122 1 10 21
122 123 1 10 21
123 124 1 10 21
124 125 1 10 21
125 126 1 10 21
126 127 1 10 21
127 128 1 10 21
128 129 1 10 21
129 130 1 10 21
130 131 1 10 21
131 132 1 10 21
132 133 1 10 21
133 134 1 10 21
134 135 1 10 21
135 136 1 10 21
136 137 1 10 21
137 138 1 10 21
138 139 1 10 21
139 140 1 10 21
140 141 1 10 21
141 142 1 10 21
142 143 1 10 21
143 144 1 10 21
144 145 1 10 21
145 146 1 10 21
146 147 1 10 21
147 148 1 10 21
148 149 1 10 21
149 150 1 10 21
150 151 1 10 21
151 152 1 10 21
152 153 1 10 21
153 72 1 10 21

0 1 2
0 1 3
2 1 3
21 16 17
23 20 19
37 36 38
37 36 39
38 36 39
36 37 38
36 37 39
38 37 39
73 72 74
73 72 75
74 72 75
72 73 74
72 73 75
74 73 75
106 105 107
106 105 108
107 105 108
153 72 71
4 1 109

10 1 0 1 2
17 107 105

10 1 3 106 105
17 0 1

9 1 0 36 38
17 106 105

9 1 3 75 73
17 1 2

8 1 2 0 1
17 72 74

8 1 2 105 107
17 1 2
