54 20 all

0 1 1 10 0
1 2 1 3 1
1 3 1 3 2
1 4 1 10 3
4 5 1 10 3
5 6 1 10 3
6 7 1 10 3
7 8 1 10 3
8 9 1 10 3
9 10 1 10 3
10 11 1 10 3
11 12 1 10 3
12 13 1 10 3
13 14 1 10 3
14 15 1 10 3
15 16 1 10 3
16 17 1 10 3
17 18 1 10 3
18 19 1 10 3
19 20 1 10 3
20 21 1 10 3
21 22 1 10 3
22 23 1 10 3
23 24 1 10 4
24 25 1 10 4
25 26 1 10 4
26 27 1 10 4
23 28 1 3 5
28 29 1 3 5
29 30 1 3 5
30 27 1 3 5
27 31 1 10 6
31 32 1 10 6
32 33 1 10 6
33 34 1 10 6
34 35 1 10 6
35 36 1 10 6
36 37 1 10 6
37 38 1 10 6
38 39 1 10 6
39 40 1 10 6
40 41 1 10 6
41 42 1 10 6
42 43 1 10 6
43 44 1 10 6
44 45 1 10 6
45 46 1 10 6
46 47 1 10 6
47 48 1 10 6
48 49 1 10 6
49 50 1 10 6
50 51 1 3 7
50 52 1 3 8
50 53 1 10 9

0 1 2
0 1 3
2 1 3
24 23 28
26 27 30
51 50 52
51 50 53
52 50 53

4 1 0 1 2
14 49 50 51

4 1 0 50 51
14 1 2

6 1 4 0 1
15 50 52

6 1 4 50 53
15 0 1
