32 30

0 1 700 500 0
2 1 700 500 1
1 3 700 1000 2
3 4 700 1000 2
4 5 700 1000 2
5 6 700 1000 2
6 7 700 1000 2
7 8 700 1000 2
8 9 700 1000 2
9 10 700 1000 3
10 11 700 1000 3
9 12 700 500 4
12 11 700 500 4
11 13 700 1000 5
13 14 700 1000 5
14 15 700 1000 5
15 16 700 1000 5
16 17 700 1000 5
17 18 700 1000 5
18 19 700 1000 5
19 20 700 1000 6
20 21 700 1000 6
19 22 700 500 7
22 21 700 500 7
21 23 700 1000 8
23 24 700 1000 8
24 25 700 1000 8
25 26 700 1000 8
26 27 700 1000 8
27 28 700 1000 8
28 29 700 1000 8
29 30 700 500 9
29 31 700 500 10

0 1 2
10 9 12
10 11 12
20 19 22
20 21 22
30 29 31

1000 100 0 0 1
30 29 31

750 100 0 2 1
30 29 30

